10	18.906473	19.058314
10.904523	18.90947	19.055024
11.809045	18.91251	19.073099
12.713568	18.915594	19.114489
13.61809	18.918722	19.128022
14.522613	18.921897	19.091059
15.427136	18.925118	19.13503
16.331658	18.928386	19.127814
17.236181	18.931702	19.12716
18.140704	18.935066	19.160349
19.045226	18.93848	19.136125
19.949749	18.941945	19.145538
20.854271	18.94546	19.174581
21.758794	18.949028	19.145306
22.663317	18.952648	19.184662
23.567839	18.956322	19.183481
24.472362	18.960051	19.184044
25.376884	18.963835	19.211263
26.281407	18.967676	19.239053
27.18593	18.971573	19.241248
28.090452	18.975529	19.300484
28.994975	18.979544	19.262423
29.899497	18.983619	19.257141
30.80402	18.987755	19.297782
31.708543	18.991953	19.304671
32.613065	18.996213	19.282035
33.517588	19.000537	19.306737
34.422111	19.004925	19.293677
35.326633	19.009379	19.317388
36.231156	19.0139	19.325835
37.135678	19.018487	19.381246
38.040201	19.023143	19.359659
38.944724	19.027867	19.329061
39.849246	19.032661	19.329879
40.753769	19.037526	19.350092
41.658291	19.042462	19.376442
42.562814	19.047469	19.411747
43.467337	19.052549	19.366664
44.371859	19.057702	19.379451
45.276382	19.062929	19.354853
46.180905	19.068229	19.413598
47.085427	19.073603	19.40399
47.98995	19.079052	19.411937
48.894472	19.084574	19.410746
49.798995	19.090171	19.355868
50.703518	19.095841	19.42053
51.60804	19.101584	19.397194
52.512563	19.107399	19.386116
53.417085	19.113284	19.388592
54.321608	19.119239	19.418352
55.226131	19.125262	19.433074
56.130653	19.131349	19.413468
57.035176	19.137498	19.426922
57.939698	19.143707	19.377256
58.844221	19.14997	19.354479
59.748744	19.156283	19.373468
60.653266	19.162641	19.355803
61.557789	19.169037	19.350928
62.462312	19.175465	19.360853
63.366834	19.181916	19.333554
64.271357	19.188381	19.340116
65.175879	19.19485	19.350432
66.080402	19.201311	19.349111
66.984925	19.207752	19.325134
67.889447	19.214159	19.329431
68.79397	19.220516	19.327775
69.698492	19.226808	19.31472
70.603015	19.233016	19.329195
71.507538	19.239123	19.290428
72.41206	19.245109	19.310693
73.316583	19.250954	19.324635
74.221106	19.256637	19.32099
75.125628	19.262137	19.270296
76.030151	19.267434	19.28364
76.934673	19.272505	19.247104
77.839196	19.277331	19.268851
78.743719	19.281891	19.219168
79.648241	19.286167	19.211044
80.552764	19.290141	19.220012
81.457286	19.293797	19.194798
82.361809	19.29712	19.234293
83.266332	19.300095	19.218801
84.170854	19.302712	19.230161
85.075377	19.304961	19.209756
85.979899	19.306835	19.209785
86.884422	19.308327	19.170454
87.788945	19.309433	19.200672
88.693467	19.310151	19.176228
89.59799	19.310482	19.157113
90.502513	19.310427	19.186357
91.407035	19.309989	19.172104
92.311558	19.309174	19.147146
93.21608	19.307989	19.15007
94.120603	19.306441	19.130828
95.025126	19.30454	19.115273
95.929648	19.302296	19.130178
96.834171	19.299721	19.114554
97.738693	19.296827	19.106205
98.643216	19.293626	19.115251
99.547739	19.290132	19.092689
100.452261	19.286359	19.08988
101.356784	19.282321	19.123829
102.261307	19.278031	19.039771
103.165829	19.273504	19.064138
104.070352	19.268753	19.048564
104.974874	19.263795	19.108901
105.879397	19.258641	19.057832
106.78392	19.253308	19.090174
107.688442	19.247808	19.055833
108.592965	19.242156	19.048266
109.497487	19.236366	19.018419
110.40201	19.230452	19.015365
111.306533	19.224427	19.030249
112.211055	19.218304	19.014243
113.115578	19.212097	19.062839
114.020101	19.205817	18.994045
114.924623	19.199477	19.03963
115.829146	19.193088	19.015597
116.733668	19.186662	18.995616
117.638191	19.180209	18.977119
118.542714	19.17374	18.978181
119.447236	19.167263	18.974973
120.351759	19.160788	18.957066
121.256281	19.154322	19.009792
122.160804	19.147874	18.958791
123.065327	19.14145	18.94638
123.969849	19.135057	18.966596
124.874372	19.128701	18.962358
125.778894	19.122387	18.93017
126.683417	19.116119	18.944048
127.58794	19.109903	18.954169
128.492462	19.103742	18.970815
129.396985	19.097639	18.93414
130.301508	19.091597	18.955442
131.20603	19.08562	18.90088
132.110553	19.079708	18.921062
133.015075	19.073865	18.928662
133.919598	19.068092	18.873235
134.824121	19.06239	18.922009
135.728643	19.05676	18.901338
136.633166	19.051204	18.887874
137.537688	19.045721	18.929679
138.442211	19.040313	18.908473
139.346734	19.034979	18.883985
140.251256	19.029721	18.888049
141.155779	19.024537	18.863129
142.060302	19.019429	18.867332
142.964824	19.014395	18.91198
143.869347	19.009436	18.921268
144.773869	19.00455	18.893033
145.678392	18.999739	18.859871
146.582915	18.995	18.878023
147.487437	18.990334	18.857069
148.39196	18.98574	18.850555
149.296482	18.981217	18.881003
150.201005	18.976764	18.897789
151.105528	18.972381	18.86041
152.01005	18.968067	18.871329
152.914573	18.96382	18.834787
153.819095	18.959641	18.840216
154.723618	18.955529	18.835743
155.628141	18.951481	18.865851
156.532663	18.947498	18.827541
157.437186	18.943579	18.833943
158.341709	18.939722	18.84256
159.246231	18.935927	18.819055
160.150754	18.932192	18.806254
161.055276	18.928518	18.817475
161.959799	18.924902	18.804755
162.864322	18.921344	18.80541
163.768844	18.917844	18.830855
164.673367	18.914399	18.808483
165.577889	18.91101	18.824323
166.482412	18.907675	18.778168
167.386935	18.904393	18.800668
168.291457	18.901164	18.775218
169.19598	18.897986	18.797077
170.100503	18.894859	18.771377
171.005025	18.891781	18.798576
171.909548	18.888753	18.806152
172.81407	18.885773	18.778602
173.718593	18.88284	18.787887
174.623116	18.879953	18.799199
175.527638	18.877112	18.79272
176.432161	18.874316	18.778179
177.336683	18.871564	18.741893
178.241206	18.868855	18.763536
179.145729	18.866188	18.730477
180.050251	18.863563	18.760304
180.954774	18.860979	18.783002
181.859296	18.858435	18.772588
182.763819	18.855931	18.809185
183.668342	18.853466	18.754797
184.572864	18.851038	18.770488
185.477387	18.848648	18.756362
186.38191	18.846295	18.733351
187.286432	18.843978	18.750463
188.190955	18.841696	18.736346
189.095477	18.839449	18.727213
190	18.837236	18.731459		
